% This file contains a brief summary of the land-surface average results 
% produced by the Berkeley Averaging method.  Temperatures are in 
% Celsius and reported as anomalies relative to the Jan 1951-Dec 1980
% average. Uncertainties represent the 95% confidence interval for 
% statistical and spatial undersampling effects.
% 
% The current dataset presented here is described as: 
% 
%   Estimated Global Land-Surface TAVG based on the Complete Berkeley Dataset
% 
% 
% This analysis was run on 12-Jan-2019 02:20:58
% 
% Results are based on 45772 time series 
%   with 18839407 data points
% 
% Estimated Jan 1951-Dec 1980 absolute temperature (C): 8.65 +/- 0.06
% 
% 
% 
% Year, Annual Anomaly, Annual Unc., Five-year Anomaly, Five-year Unc.
 
  1750      -1.549        1.028              NaN             NaN
  1752      -0.468        0.950              NaN             NaN
  1753      -0.903        1.040              NaN             NaN
  1754      -0.498        1.000           -0.607           0.607
  1755      -0.688        1.126           -0.564           0.590
  1756      -0.480        1.134           -0.921           0.631
  1757      -0.249        1.134           -1.124           0.839
  1758      -2.689        1.804           -1.482           1.119
  1759      -1.511        1.523           -1.534           1.233
  1760      -2.481        1.906           -1.669           1.334
  1761      -0.739        1.474           -1.488           1.296
  1762      -0.927        1.089           -1.334           1.187
  1763      -1.780        1.713           -0.944           0.940
  1764      -0.742        1.129           -0.867           0.919
  1765      -0.532        0.960           -0.751           0.716
  1766      -0.353        1.331           -0.741           0.611
  1767      -0.349        1.217           -0.785           0.527
  1768      -1.730        0.983           -0.883           0.574
  1769      -0.962        1.225           -0.988           0.627
  1770      -1.024        1.235           -1.044           0.651
  1771      -0.875        0.834           -0.786           0.769
  1772      -0.629        0.915           -0.588           0.806
  1773      -0.440        1.167           -0.346           0.733
  1774       0.028        1.558           -0.337           0.738
  1775       0.187        1.106           -0.385           0.738
  1776      -0.829        0.979           -0.420           0.776
  1777      -0.871        0.852           -0.466           0.845
  1778      -0.613        1.664           -0.402           0.758
  1779      -0.204        1.505           -0.316           0.609
  1780       0.510        1.819           -0.273           0.624
  1781      -0.401        0.979           -0.308           0.695
  1782      -0.658        1.421           -0.421           0.952
  1783      -0.786        1.120           -0.728           1.005
  1784      -0.769        1.821           -0.695           1.124
  1785      -1.027        1.721           -0.658           1.116
  1786      -0.233        0.661           -0.523           1.094
  1787      -0.476        1.270           -0.386           0.928
  1788      -0.110        1.016           -0.270           0.711
  1789      -0.083        0.955           -0.263           0.781
  1790      -0.447        0.725           -0.204           0.720
  1791      -0.200        0.998           -0.176           0.791
  1792      -0.179        1.018           -0.079           0.827
  1793       0.031        1.362            0.106           0.873
  1794       0.402        1.181            0.150           0.933
  1795       0.479        0.935            0.247           0.931
  1796       0.016        1.277            0.267           0.831
  1797       0.310        0.921            0.117           0.768
  1798       0.130        0.827           -0.024           0.759
  1799      -0.348        0.780           -0.010           0.690
  1800      -0.226        0.799           -0.089           0.628
  1801       0.086        0.725           -0.135           0.619
  1802      -0.089        0.667           -0.037           0.591
  1803      -0.096        0.800           -0.001           0.517
  1804       0.142        0.665           -0.052           0.471
  1805      -0.051        0.602           -0.116           0.472
  1806      -0.167        0.766           -0.287           0.436
  1807      -0.407        0.590           -0.608           0.516
  1808      -0.953        0.911           -0.908           0.610
  1809      -1.460        0.884           -1.175           0.620
  1810      -1.553        0.968           -1.395           0.760
  1811      -1.500        0.705           -1.385           0.623
  1812      -1.510        1.073           -1.287           0.587
  1813      -0.902        0.872           -1.252           0.506
  1814      -0.970        0.759           -1.286           0.423
  1815      -1.378        0.786           -1.294           0.429
  1816      -1.672        0.643           -1.264           0.458
  1817      -1.547        0.546           -1.304           0.398
  1818      -0.751        1.125           -1.199           0.359
  1819      -1.173        0.656           -0.991           0.413
  1820      -0.853        0.552           -0.795           0.428
  1821      -0.630        0.565           -0.836           0.347
  1822      -0.565        0.825           -0.628           0.412
  1823      -0.960        0.469           -0.522           0.449
  1824      -0.131        0.672           -0.429           0.430
  1825      -0.326        0.494           -0.275           0.391
  1826      -0.162        0.588           -0.183           0.436
  1827       0.203        0.597           -0.310           0.408
  1828      -0.502        0.614           -0.271           0.433
  1829      -0.763        0.549           -0.445           0.390
  1830      -0.134        0.650           -0.722           0.357
  1831      -1.031        0.634           -0.747           0.348
  1832      -1.181        0.475           -0.698           0.304
  1833      -0.624        0.485           -0.912           0.285
  1834      -0.518        0.449           -0.910           0.290
  1835      -1.207        0.593           -0.942           0.336
  1836      -1.021        0.507           -1.055           0.398
  1837      -1.343        0.638           -1.147           0.435
  1838      -1.185        0.567           -1.089           0.390
  1839      -0.978        0.673           -1.102           0.360
  1840      -0.918        0.443           -0.976           0.377
  1841      -1.083        0.445           -0.853           0.375
  1842      -0.713        0.477           -0.874           0.340
  1843      -0.570        0.474           -0.874           0.327
  1844      -1.088        0.419           -0.698           0.344
  1845      -0.914        0.441           -0.700           0.353
  1846      -0.205        0.574           -0.753           0.350
  1847      -0.724        0.537           -0.704           0.361
  1848      -0.836        0.420           -0.718           0.352
  1849      -0.841        0.446           -0.810           0.318
  1850      -0.983        0.371           -0.820           0.308
  1851      -0.666        0.371           -0.807           0.297
  1852      -0.776        0.389           -0.754           0.271
  1853      -0.771        0.382           -0.684           0.245
  1854      -0.574        0.340           -0.703           0.234
  1855      -0.631        0.375           -0.753           0.235
  1856      -0.761        0.320           -0.730           0.237
  1857      -1.029        0.306           -0.712           0.262
  1858      -0.652        0.378           -0.745           0.236
  1859      -0.485        0.455           -0.772           0.259
  1860      -0.796        0.286           -0.815           0.318
  1861      -0.900        0.385           -0.802           0.365
  1862      -1.241        0.490           -0.859           0.339
  1863      -0.587        0.579           -0.811           0.345
  1864      -0.773        0.366           -0.724           0.305
  1865      -0.555        0.346           -0.538           0.281
  1866      -0.466        0.332           -0.528           0.231
  1867      -0.310        0.356           -0.439           0.247
  1868      -0.533        0.345           -0.444           0.268
  1869      -0.333        0.402           -0.483           0.264
  1870      -0.580        0.359           -0.539           0.238
  1871      -0.658        0.245           -0.520           0.221
  1872      -0.594        0.236           -0.520           0.191
  1873      -0.435        0.248           -0.574           0.156
  1874      -0.335        0.229           -0.569           0.148
  1875      -0.850        0.191           -0.491           0.146
  1876      -0.629        0.173           -0.377           0.139
  1877      -0.206        0.204           -0.421           0.129
  1878       0.133        0.204           -0.381           0.132
  1879      -0.554        0.187           -0.344           0.139
  1880      -0.649        0.172           -0.425           0.124
  1881      -0.443        0.183           -0.593           0.120
  1882      -0.613        0.171           -0.661           0.117
  1883      -0.707        0.154           -0.682           0.110
  1884      -0.893        0.152           -0.745           0.108
  1885      -0.752        0.158           -0.781           0.119
  1886      -0.762        0.190           -0.762           0.125
  1887      -0.792        0.197           -0.658           0.139
  1888      -0.612        0.147           -0.655           0.158
  1889      -0.373        0.232           -0.636           0.155
  1890      -0.736        0.222           -0.602           0.149
  1891      -0.667        0.166           -0.610           0.155
  1892      -0.621        0.161           -0.644           0.125
  1893      -0.654        0.145           -0.603           0.108
  1894      -0.544        0.126           -0.565           0.106
  1895      -0.529        0.129           -0.518           0.109
  1896      -0.477        0.134           -0.485           0.109
  1897      -0.385        0.165           -0.434           0.108
  1898      -0.490        0.152           -0.361           0.105
  1899      -0.287        0.143           -0.296           0.103
  1900      -0.167        0.114           -0.298           0.096
  1901      -0.150        0.128           -0.292           0.090
  1902      -0.393        0.117           -0.355           0.084
  1903      -0.463        0.133           -0.410           0.090
  1904      -0.604        0.113           -0.439           0.081
  1905      -0.440        0.133           -0.506           0.076
  1906      -0.293        0.084           -0.511           0.070
  1907      -0.728        0.090           -0.489           0.065
  1908      -0.492        0.118           -0.491           0.058
  1909      -0.491        0.089           -0.531           0.064
  1910      -0.451        0.093           -0.487           0.063
  1911      -0.494        0.101           -0.462           0.059
  1912      -0.508        0.082           -0.376           0.058
  1913      -0.365        0.105           -0.302           0.058
  1914      -0.062        0.084           -0.292           0.061
  1915      -0.081        0.092           -0.321           0.069
  1916      -0.446        0.105           -0.357           0.066
  1917      -0.653        0.112           -0.402           0.068
  1918      -0.544        0.091           -0.450           0.066
  1919      -0.288        0.108           -0.382           0.059
  1920      -0.317        0.102           -0.309           0.063
  1921      -0.110        0.089           -0.254           0.067
  1922      -0.286        0.104           -0.235           0.065
  1923      -0.271        0.095           -0.205           0.064
  1924      -0.191        0.095           -0.180           0.065
  1925      -0.170        0.096           -0.162           0.064
  1926       0.017        0.092           -0.123           0.065
  1927      -0.196        0.101           -0.179           0.064
  1928      -0.078        0.097           -0.164           0.064
  1929      -0.471        0.093           -0.166           0.066
  1930      -0.094        0.097           -0.129           0.063
  1931       0.009        0.089           -0.188           0.063
  1932      -0.013        0.093           -0.113           0.064
  1933      -0.373        0.097           -0.134           0.063
  1934      -0.091        0.096           -0.170           0.061
  1935      -0.204        0.090           -0.171           0.059
  1936      -0.171        0.087           -0.063           0.057
  1937      -0.015        0.088           -0.033           0.055
  1938       0.164        0.085            0.021           0.054
  1939       0.063        0.086            0.068           0.052
  1940       0.063        0.084            0.078           0.051
  1941       0.066        0.081            0.057           0.050
  1942       0.033        0.084            0.075           0.050
  1943       0.060        0.081            0.042           0.050
  1944       0.155        0.085            0.030           0.048
  1945      -0.102        0.081            0.048           0.045
  1946       0.005        0.078            0.049           0.045
  1947       0.124        0.076           -0.001           0.043
  1948       0.065        0.076           -0.043           0.042
  1949      -0.097        0.081           -0.053           0.040
  1950      -0.309        0.065           -0.084           0.042
  1951      -0.050        0.056           -0.055           0.040
  1952      -0.027        0.075           -0.057           0.039
  1953       0.208        0.077           -0.004           0.038
  1954      -0.106        0.064           -0.071           0.038
  1955      -0.044        0.058           -0.052           0.035
  1956      -0.383        0.051           -0.072           0.034
  1957       0.063        0.093           -0.038           0.030
  1958       0.108        0.033           -0.046           0.030
  1959       0.067        0.016            0.058           0.028
  1960      -0.086        0.047            0.061           0.025
  1961       0.136        0.022            0.079           0.025
  1962       0.080        0.048            0.015           0.029
  1963       0.198        0.044            0.007           0.029
  1964      -0.251        0.041           -0.032           0.032
  1965      -0.127        0.036           -0.041           0.028
  1966      -0.058        0.041           -0.111           0.025
  1967       0.036        0.034           -0.073           0.020
  1968      -0.153        0.020           -0.037           0.020
  1969      -0.064        0.023           -0.035           0.015
  1970       0.053        0.019           -0.072           0.012
  1971      -0.050        0.023            0.019           0.014
  1972      -0.148        0.025           -0.004           0.027
  1973       0.305        0.027            0.004           0.031
  1974      -0.181        0.068           -0.046           0.028
  1975       0.092        0.036            0.027           0.025
  1976      -0.296        0.036           -0.024           0.023
  1977       0.214        0.026            0.028           0.015
  1978       0.049        0.033            0.076           0.020
  1979       0.081        0.030            0.237           0.014
  1980       0.334        0.053            0.195           0.015
  1981       0.509        0.022            0.264           0.014
  1982       0.002        0.028            0.257           0.019
  1983       0.393        0.033            0.194           0.011
  1984       0.047        0.018            0.132           0.013
  1985       0.021        0.018            0.204           0.014
  1986       0.199        0.030            0.238           0.017
  1987       0.358        0.033            0.287           0.019
  1988       0.567        0.034            0.402           0.022
  1989       0.290        0.033            0.474           0.025
  1990       0.598        0.034            0.443           0.022
  1991       0.559        0.019            0.377           0.021
  1992       0.199        0.036            0.399           0.020
  1993       0.237        0.017            0.421           0.016
  1994       0.403        0.031            0.390           0.013
  1995       0.710        0.024            0.463           0.014
  1996       0.399        0.013            0.594           0.014
  1997       0.564        0.016            0.643           0.016
  1998       0.896        0.020            0.614           0.016
  1999       0.646        0.029            0.691           0.019
  2000       0.568        0.024            0.766           0.024
  2001       0.784        0.024            0.765           0.025
  2002       0.935        0.036            0.773           0.025
  2003       0.891        0.030            0.873           0.029
  2004       0.687        0.031            0.897           0.030
  2005       1.069        0.035            0.933           0.028
  2006       0.903        0.032            0.919           0.028
  2007       1.118        0.028            0.961           0.032
  2008       0.819        0.038            0.963           0.033
  2009       0.898        0.045            0.963           0.033
  2010       1.076        0.037            0.916           0.034
  2011       0.903        0.039            0.951           0.031
  2012       0.884        0.036            0.959           0.026
  2013       0.992        0.021            0.983           0.023
  2014       0.940        0.024            1.082           0.023
  2015       1.197        0.025            1.161           0.021
  2016       1.396        0.039            1.189           0.024
  2017       1.280        0.023              NaN             NaN
  2018       1.131        0.048              NaN             NaN
